8.5363	11.16	41805.375046875	97049.0213733918	51593.1618877924	63949.2239888706	341220.269408577	2831722.59418673	353226.198699896	2315226.15578309	38852.7071665741	38852.7071665741	0
8.5363	11.2	42498.2496007401	101167.944467008	53618.1150447734	64617.9132788651	346506.482809926	3398067.11302407	373693.660662097	2778271.38693971	38289.3266684882	38289.3266684882	0
8.5979	11.23	43191.1241546053	105286.867560624	55643.0682017544	65286.6025688596	351792.696211276	3964411.63186142	394161.122624298	3241316.61809633	37725.9461704023	37725.9461704023	0
8.1884	11.27	43883.9987084704	109405.79065424	57668.0213587354	65955.2918588542	357078.909612626	4530756.15069876	414628.5845865	3704361.84925294	37162.5656723164	37162.5656723164	0
8.4531	11.31	44576.8732623355	113524.713747856	59692.9745157164	66623.9811488487	362365.123013975	5097100.66953611	435096.046548701	4167407.08040956	36599.1851742305	36599.1851742305	0
8.7524	11.34	45269.7478162007	117643.636841472	61717.9276726974	67292.6704388432	367651.336415325	5663445.18837346	455563.508510902	4630452.31156618	36035.8046761446	36035.8046761446	0
9.3897	11.38	45962.6223700658	121762.559935088	63742.8808296784	67961.3597288377	372937.549816675	6229789.7072108	476030.970473104	5093497.5427228	35472.4241780586	35472.4241780586	0
9.6237	11.42	46655.4969239309	125881.483028704	65767.8339866594	68630.0490188322	378223.763218025	6796134.22604815	496498.432435305	5556542.77387942	34909.0436799727	34909.0436799727	0
9.5237	11.45	47348.3714777959	130000.40612232	67792.7871436404	69298.7383088268	383509.976619374	7362478.74488549	516965.894397506	6019588.00503603	34345.6631818868	34345.6631818868	0
9.9452	11.49	48041.2460316612	134119.329215936	69817.7403006214	69967.4275988213	388796.190020724	7928823.26372284	537433.356359708	6482633.23619265	33782.2826838009	33782.2826838009	0
9.4486	11.53	48734.1205855263	138238.252309552	71842.6934576024	70636.1168888158	394082.403422074	8495167.78256018	557900.818321909	6945678.46734927	33218.902185715	33218.902185715	0
9.6988	11.56	49426.9951393914	142357.175403168	73867.6466145834	71304.8061788103	399368.616823423	9061512.30139753	578368.28028411	7408723.69850589	32655.5216876291	32655.5216876291	0
10.44	12	50119.8696932566	146476.098496784	75892.5997715644	71973.4954688048	404654.830224773	9627856.82023487	598835.742246312	7871768.92966251	32092.1411895432	32092.1411895432	0
10.336	12.04	50812.7442471217	150595.0215904	77917.5529285454	72642.1847587993	409941.043626123	10194201.3390722	619303.204208513	8334814.16081912	31528.7606914572	31528.7606914572	0
10.082	12.07	51505.6188009868	154713.944684016	79942.5060855264	73310.8740487939	415227.257027473	10760545.8579096	639770.666170714	8797859.39197574	30965.3801933713	30965.3801933713	0
9.9205	12.11	52198.493354852	158832.867777632	81967.4592425074	73979.5633387884	420513.470428822	11326890.3767469	660238.128132916	9260904.62313236	30401.9996952854	30401.9996952854	0
9.8729	12.15	52891.3679087171	162951.790871248	83992.4123994884	74648.2526287829	425799.683830172	11893234.8955843	680705.590095117	9723949.85428898	29838.6191971995	29838.6191971995	0
10.204	12.18	53584.2424625822	167070.713964864	86017.3655564694	75316.9419187774	431085.897231522	12459579.4144216	701173.052057318	10186995.0854456	29275.2386991136	29275.2386991136	0
10.762	12.22	54277.1170164474	171189.63705848	88042.3187134504	75985.6312087719	436372.110632871	13025923.9332589	721640.514019519	10650040.3166022	28711.8582010277	28711.8582010277	0
11.044	12.26	54675.1920394737	171000.255031544	88413.1234671275	75008.3713866427	441658.324034221	13592268.4520963	742107.975981721	11113085.5477588	28148.4777029418	28148.4777029418	0
11.337	12.29	55073.2670625	170810.873004608	88783.9282208046	74031.1115645136	446944.537435571	14158612.9709336	762575.437943922	11576130.7789154	27585.0972048558	27585.0972048558	0
11.592	12.33	55471.3420855263	170621.490977672	89154.7329744818	73053.8517423844	452230.750836921	14724957.489771	783042.899906123	12039176.0100721	27021.7167067699	27021.7167067699	0
11.674	12.37	55869.4171085526	170432.108950736	89525.5377281589	72076.5919202552	457516.96423827	15291302.0086083	803510.361868325	12502221.2412287	26458.336208684	26458.336208684	0
11.81	12.4	56267.492131579	170242.7269238	89896.342481836	71099.332098126	462803.17763962	15857646.5274457	823977.823830526	12965266.4723853	25894.9557105981	25894.9557105981	0
12.048	12.44	56665.5671546053	170053.344896864	90267.1472355131	70122.0722759968	468089.39104097	16423991.046283	844445.285792727	13428311.7035419	25331.5752125122	25331.5752125122	0
12.126	12.48	57063.6421776316	169863.962869928	90637.9519891902	69144.8124538676	473375.604442319	16990335.5651204	864912.747754929	13891356.9346985	24768.1947144263	24768.1947144263	0
12.119	12.51	57461.7172006579	169674.580842992	91008.7567428674	68167.5526317384	478661.817843669	17556680.0839577	885380.20971713	14354402.1658552	24204.8142163404	24204.8142163404	0
11.636	12.55	57859.7922236842	169485.198816055	91379.5614965445	67190.2928096093	483948.031245019	18123024.6027951	905847.671679331	14817447.3970118	23641.4337182544	23641.4337182544	0
11.121	12.59	58257.8672467105	169295.816789119	91750.3662502216	66213.0329874801	489234.244646369	18689369.1216324	926315.133641533	15280492.6281684	23078.0532201685	23078.0532201685	0
11.357	13.02	58655.9422697369	169106.434762183	92121.1710038987	65235.7731653509	494520.458047718	19255713.6404697	946782.595603734	15743537.859325	22514.6727220826	22514.6727220826	0
11.786	13.06	59054.0172927632	168917.052735247	92491.9757575758	64258.5133432217	499806.671449068	19822058.1593071	967250.057565935	16206583.0904816	21951.2922239967	21951.2922239967	0
11.656	13.09	59452.0923157895	168727.670708311	92862.7805112529	63281.2535210925	505092.884850418	20388402.6781444	987717.519528137	16669628.3216382	21387.9117259108	21387.9117259108	0
11.19	13.13	59850.1673388158	168538.288681375	93233.5852649301	62303.9936989633	525988.238715581	20676969.4506816	1114002.92019552	18339395.4787194	23160.9783245196	23160.9783245196	0
11.356	13.17	60248.2423618421	168348.906654439	93604.3900186072	61326.7338768341	546883.592580744	20965536.2232189	1240288.3208629	20009162.6358006	24934.0449231283	24934.0449231283	0
11.168	13.2	60646.3173848684	168159.524627503	93975.1947722843	60349.474054705	567778.946445907	21254102.9957561	1366573.72153029	21678929.7928817	26707.1115217371	26707.1115217371	0
10.649	13.24	61044.3924078948	167970.142600567	94345.9995259614	59372.2142325758	588674.300311071	21542669.7682933	1492859.12219767	23348696.9499629	28480.1781203458	28480.1781203458	0
11.251	13.27	61442.4674309211	167780.760573631	94716.8042796385	58394.9544104466	609569.654176234	21831236.5408305	1619144.52286506	25018464.107044	30253.2447189546	30253.2447189546	0
11.203	13.31	61840.5424539474	167591.378546695	95087.6090333157	57417.6945883174	630465.008041397	22119803.3133677	1745429.92353244	26688231.2641252	32026.3113175634	32026.3113175634	0
10.996	13.35	62238.6174769737	167401.996519759	95458.4137869928	56440.4347661882	651360.36190656	22408370.0859049	1871715.32419983	28357998.4212064	33799.3779161721	33799.3779161721	0
11.319	13.38	62636.6925	167212.614492823	95829.2185406699	55463.174944059	672255.715771724	22696936.8584421	1998000.72486721	30027765.5782875	35572.4445147809	35572.4445147809	0
11.191	13.42	63034.7675230263	167023.232465887	96200.023294347	54485.9151219298	693151.069636887	22985503.6309793	2124286.12553459	31697532.7353687	37345.5111133897	37345.5111133897	0
11.51	13.45	63432.8425460527	166833.850438951	96570.8280480241	53508.6552998007	714046.42350205	23274070.4035165	2250571.52620198	33367299.8924498	39118.5777119984	39118.5777119984	0
10.357	13.49	63830.917569079	166644.468412015	96941.6328017013	52531.3954776715	734941.777367213	23562637.1760537	2376856.92686936	35037067.049531	40891.6443106072	40891.6443106072	0.218518518518519
10.087	13.52	64228.9925921053	166455.086385079	97312.4375553784	51554.1356555423	755837.131232376	23851203.9485909	2503142.32753674	36706834.2066122	42664.7109092159	42664.7109092159	0.437037037037037
10.03	13.56	64627.0676151316	166265.704358143	97683.2423090555	50576.875833413	776732.48509754	24139770.7211281	2629427.72820413	38376601.3636933	44437.7775078247	44437.7775078247	0.655555555555556
10.449	13.59	65025.1426381579	166076.322331207	98054.0470627326	49599.6160112839	797627.838962703	24428337.4936654	2755713.12887151	40046368.5207745	46210.8441064335	46210.8441064335	0.604
10.968	14.02	65423.2176611843	165886.940304271	98424.8518164097	48622.3561891547	818523.192827866	24716904.2662026	2881998.5295389	41716135.6778556	47983.9107050422	47983.9107050422	0.552444444444444
11.138	14.06	65821.2926842106	165697.558277335	98795.6565700869	47645.0963670255	839418.546693029	25005471.0387398	3008283.93020628	43385902.8349368	49756.977303651	49756.977303651	0.500888888888889
11.26	14.09	66219.3677072369	165508.176250399	99166.461323764	46667.8365448964	860313.900558193	25294037.811277	3134569.33087366	45055669.9920179	51530.0439022597	51530.0439022597	0.449333333333333
11.09	14.13	66617.4427302632	165318.794223463	99537.2660774411	45690.5767227672	881209.254423356	25582604.5838142	3260854.73154105	46725437.1490991	53303.1105008685	53303.1105008685	0.397777777777778
10.681	14.16	67015.5177532895	165129.412196527	99908.0708311182	44713.316900638	902104.608288519	25871171.3563514	3387140.13220843	48395204.3061803	55076.1770994773	55076.1770994773	0.407638888888889
11.058	14.19	67413.5927763158	164940.030169591	100278.875584795	43736.0570785088	922999.962153682	26159738.1288886	3513425.53287582	50064971.4632614	56849.243698086	56849.243698086	0.4175
10.725	14.23	65440.8911376097	159297.253071367	96755.1770426017	42251.9626379762	943895.316018845	26448304.9014258	3639710.9335432	51734738.6203426	58622.3102966948	58622.3102966948	0.427361111111111
11.453	14.26	63468.1894989036	153654.475973143	93231.478500408	40767.8681974436	964790.669884009	26736871.673963	3765996.33421059	53404505.7774237	60395.3768953036	60395.3768953036	0.437222222222222
11.91	14.29	61495.4878601974	148011.698874919	89707.7799582144	39283.773756911	985686.023749172	27025438.4465002	3892281.73487797	55074272.9345049	62168.4434939123	62168.4434939123	0.447083333333333
11.817	14.33	59522.7862214913	142368.921776695	86184.0814160208	37799.6793163784	1006581.37761434	27314005.2190374	4018567.13554535	56744040.0915861	63941.5100925211	63941.5100925211	0.456944444444444
12.654	14.36	57550.0845827851	136726.144678471	82660.3828738271	36315.5848758457	1027476.7314795	27602571.9915746	4144852.53621274	58413807.2486672	65714.5766911299	65714.5766911299	0.466805555555556
12.552	14.39	55577.382944079	131083.367580247	79136.6843316335	34831.4904353131	1048372.08534466	27891138.7641119	4271137.93688012	60083574.4057484	67487.6432897386	67487.6432897386	0.476666666666667
13.196	14.42	53604.6813053728	125440.590482023	75612.9857894398	33347.3959947805	1069267.43920982	28179705.5366491	4397423.33754751	61753341.5628295	69260.7098883474	69260.7098883474	0.486527777777778
12.48	14.45	51631.9796666667	119797.813383799	72089.2872472462	31863.3015542479	1090162.79307499	28468272.3091863	4523708.73821489	63423108.7199107	71033.7764869561	71033.7764869561	0.496388888888889
13.02	14.49	49659.2780279606	114155.036285575	68565.5887050526	30379.2071137153	1074089.56426581	27789001.3698875	5021580.58269489	84674675.9145392	68702.1879732427	68702.1879732427	0.50625
13.226	14.52	47686.5763892544	108512.259187351	65041.8901628589	28895.1126731827	1058016.33545663	27109730.4305887	5519452.42717488	105926243.109168	66370.5994595293	66370.5994595293	0.516111111111111
13.048	14.55	45713.8747505483	102869.482089127	61518.1916206653	27411.0182326501	1041943.10664745	26430459.49129	6017324.27165488	127177810.303796	64039.0109458159	64039.0109458159	0.525972222222222
12.396	14.58	43741.1731118421	97226.7049909034	57994.4930784716	25926.9237921175	1025869.87783827	25751188.5519912	6515196.11613488	148429377.498425	61707.4224321025	61707.4224321025	0.535833333333333
12.889	15.01	41768.471473136	91583.9278926794	54470.794536278	24442.8293515849	1009796.64902909	25071917.6126924	7013067.96061488	169680944.693053	59375.8339183892	59375.8339183892	0.545694444444444
13.416	15.04	39795.7698344299	85941.1507944554	50947.0959940844	22958.7349110522	993723.420219915	24392646.6733937	7510939.80509488	190932511.887682	57044.2454046758	57044.2454046758	0.555555555555556
14.287	15.07	37823.0681957237	80298.3736962315	47423.3974518907	21474.6404705196	977650.191410736	23713375.7340949	8008811.64957487	212184079.08231	54712.6568909624	54712.6568909624	0.614285714285714
15.064	15.1	35850.3665570176	74655.5965980075	43899.6989096971	19990.546029987	961576.962601558	23034104.7947962	8506683.49405487	233435646.276939	52381.068377249	52381.068377249	0.673015873015873
14.879	15.12	33877.6649183114	69012.8194997835	40376.0003675034	18506.4515894544	945503.733792379	22354833.8554974	9004555.33853487	254687213.471568	50049.4798635356	50049.4798635356	0.731746031746032
14.104	15.15	31904.9632796053	63370.0424015596	36852.3018253098	17022.3571489218	929430.5049832	21675562.9161986	9502427.18301487	275938780.666196	47717.8913498222	47717.8913498222	0.79047619047619
13.932	15.18	29932.2616408991	57727.2653033356	33328.6032831162	15538.2627083892	913357.276174021	20996291.9768999	10000299.0274949	297190347.860825	45386.3028361088	45386.3028361088	0.849206349206349
14.412	15.21	27959.560002193	52084.4882051116	29804.9047409225	14054.1682678566	897284.047364842	20317021.0376011	10498170.8719749	318441915.055453	43054.7143223954	43054.7143223954	0.907936507936508
13.887	15.23	25986.8583634869	46441.7111068877	26281.2061987289	12570.073827324	881210.818555664	19637750.0983023	10996042.7164549	339693482.250082	40723.125808682	40723.125808682	0.966666666666667
13.717	15.26	24014.1567247807	40798.9340086637	22757.5076565353	11085.9793867914	865137.589746485	18958479.1590036	11493914.5609349	360945049.44471	38391.5372949686	38391.5372949686	1.02539682539683
13.645	15.29	22041.4550860746	35156.1569104397	19233.8091143416	9601.88494625874	849064.360937306	18279208.2197048	11991786.4054149	382196616.639339	36059.9487812552	36059.9487812552	1.08412698412698
14	15.31	20068.7534473684	29513.3798122158	15710.110572148	8117.79050572613	832991.132128127	17599937.280406	12489658.2498949	403448183.833967	33728.3602675418	33728.3602675418	1.14285714285714
14.639	15.33	18096.0518086623	23870.6027139918	12186.4120299543	6633.69606519352	816917.903318948	16920666.3411073	12987530.0943749	424699751.028596	31396.7717538284	31396.7717538284	1.2015873015873
14.828	15.36	16123.3501699561	18227.8256157678	8662.71348776069	5149.60162466091	800844.674509769	16241395.4018085	13485401.9388549	445951318.223224	29065.183240115	29065.183240115	1.26031746031746
14.031	15.38	14150.64853125	12585.0485175438	5139.01494556704	3665.50718412829	784771.445700591	15562124.4625097	13983273.7833348	467202885.417853	26733.5947264016	26733.5947264016	1.31904761904762
14.064	15.41	13846.4555400408	12622.2664516283	4993.38356491984	3909.23463670599	768698.216891412	14882853.523211	14481145.6278148	488454452.612481	24402.0062126882	24402.0062126882	1.37777777777778
15.464	15.43	13542.2625488317	12659.4843857128	4847.75218427264	4152.96208928369	752624.988082233	14203582.5839122	14979017.4722948	509706019.80711	22070.4176989748	22070.4176989748	1.32883597883598
16.464	15.45	13238.0695576225	12696.7023197973	4702.12080362544	4396.68954186139	736551.759273054	13524311.6446135	15476889.3167748	530957587.001738	19738.8291852614	19738.8291852614	1.27989417989418
17.166	15.47	12933.8765664133	12733.9202538818	4556.48942297824	4640.41699443909	720478.530463876	12845040.7053147	15974761.1612548	552209154.196367	17407.240671548	17407.240671548	1.23095238095238
17.019	15.49	12629.6835752042	12771.1381879663	4410.85804233104	4884.14444701679	704405.301654697	12165769.7660159	16472633.0057348	573460721.390996	15075.6521578346	15075.6521578346	1.18201058201058
17.4549	15.51	12325.490583995	12808.3561220508	4265.22666168384	5127.87189959449	688332.072845518	11486498.8267172	16970504.8502148	594712288.585624	12744.0636441212	12744.0636441212	1.13306878306878
17.714	15.53	12021.2975927858	12845.5740561353	4119.59528103664	5371.59935217219	672258.844036339	10807227.8874184	17468376.6946948	615963855.780253	10412.4751304078	10412.4751304078	1.08412698412698
18.109	15.55	11717.1046015767	12882.7919902198	3973.96390038944	5615.32680474989	656185.61522716	10127956.9481196	17966248.5391748	637215422.974881	8080.88661669442	8080.88661669442	1.03518518518519
18.23	15.57	11412.9116103675	12920.0099243043	3828.33251974224	5859.05425732759	640112.386417981	9448686.00882087	18464120.3836548	658466990.16951	5749.29810298103	5749.29810298103	0.986243386243386
17.924	15.58	11108.7186191583	12957.2278583888	3682.70113909504	6102.78170990529	626024.083820529	10624477.5825087	17977983.5234907	637066615.87833	5608.05192605497	5608.05192605497	0.937301587301587
17.649	16	10804.5256279492	12994.4457924733	3537.06975844784	6346.50916248299	611935.781223077	11800269.1561966	17491846.6633266	615666241.58715	5466.80574912892	5466.80574912892	0.888359788359788
18.192	16.01	10500.33263674	13031.6637265578	3391.43837780064	6590.23661506069	597847.478625625	12976060.7298844	17005709.8031625	594265867.29597	5325.55957220286	5325.55957220286	0.839417989417989
17.591	16.03	10196.1396455309	13068.8816606423	3245.80699715344	6833.96406763839	583759.176028173	14151852.3035723	16519572.9429983	572865493.00479	5184.31339527681	5184.31339527681	0.790476190476191
16.476	16.04	9891.94665432169	13106.0995947267	3100.17561650624	7077.69152021609	569670.873430721	15327643.8772601	16033436.0828342	551465118.71361	5043.06721835075	5043.06721835075	0.741534391534392
16.269	16.06	9587.75366311252	13143.3175288112	2954.54423585904	7321.41897279379	555582.57083327	16503435.450948	15547299.2226701	530064744.42243	4901.8210414247	4901.8210414247	0.692592592592593
17.091	16.07	9283.56067190336	13180.5354628957	2808.91285521184	7565.14642537149	541494.268235818	17679227.0246358	15061162.362506	508664370.131251	4760.57486449864	4760.57486449864	0.643650793650794
17.011	16.08	8979.36768069419	13217.7533969802	2663.28147456464	7808.87387794919	527405.965638366	18855018.5983237	14575025.5023419	487263995.840071	4619.32868757259	4619.32868757259	0.594708994708995
16.658	16.09	8675.17468948503	13254.9713310647	2517.65009391744	8052.60133052689	513317.663040914	20030810.1720115	14088888.6421777	465863621.548891	4478.08251064653	4478.08251064653	0.545767195767196
16.196	16.1	8370.98169827586	13292.1892651492	2372.01871327024	8296.32878310459	499229.360443462	21206601.7456994	13602751.7820136	444463247.257711	4336.83633372048	4336.83633372048	0.496825396825397
16.125	16.11	8066.7887070667	13329.4071992337	2226.38733262304	8540.05623568229	485141.05784601	22382393.3193872	13116614.9218495	423062872.966531	4195.59015679442	4195.59015679442	0.447883597883598
16.35	16.12	7762.59571585753	13366.6251333182	2080.75595197585	8783.78368825999	471052.755248558	23558184.8930751	12630478.0616854	401662498.675351	4054.34397986837	4054.34397986837	0.398941798941799
15.726	16.12	7458.40272464837	13403.8430674027	1935.12457132865	9027.51114083769	456964.452651106	24733976.4667629	12144341.2015213	380262124.384171	3913.09780294231	3913.09780294231	0.35
15.73	16.13	7154.2097334392	13441.0610014872	1789.49319068145	9271.23859341539	442876.150053654	25909768.0404508	11658204.3413571	358861750.092991	3771.85162601626	3771.85162601626	0.437606837606838
16.388	16.13	6850.01674223004	13478.2789355717	1643.86181003425	9514.96604599309	428787.847456202	27085559.6141386	11172067.481193	337461375.801811	3630.6054490902	3630.6054490902	0.525213675213675
16.352	16.14	6545.82375102087	13515.4968696562	1498.23042938705	9758.69349857079	414699.54485875	28261351.1878265	10685930.6210289	316061001.510631	3489.35927216415	3489.35927216415	0.612820512820513
16.262	16.14	6241.6307598117	13552.7148037407	1352.59904873985	10002.4209511485	400611.242261298	29437142.7615143	10199793.7608648	294660627.219452	3348.11309523809	3348.11309523809	0.70042735042735
16.786	16.15	5937.43776860254	13589.9327378251	1206.96766809265	10246.1484037262	386522.939663846	30612934.3352022	9713656.90070066	273260252.928272	3206.86691831204	3206.86691831204	0.788034188034188
16.791	16.15	5633.24477739337	13627.1506719096	1061.33628744545	10489.8758563039	372434.637066394	31788725.90889	9227520.04053654	251859878.637092	3065.62074138598	3065.62074138598	0.875641025641026
16.419	16.15	5329.05178618421	13664.3686059941	915.704906798247	10733.6033088816	358346.334468942	32964517.4825779	8741383.18037242	230459504.345912	2924.37456445993	2924.37456445993	0.963247863247863
17.593	16.15	6009.54727345538	14110.5163162026	1090.99149206236	11017.8444683925	344258.03187149	34140309.0562657	8255246.3202083	209059130.054732	2783.12838753387	2783.12838753387	1.0508547008547
17.333	16.15	6690.04276072654	14556.6640264111	1266.27807732647	11302.0856279033	330169.729274038	35316100.6299536	7769109.46004418	187658755.763552	2641.88221060782	2641.88221060782	1.13846153846154
17.182	16.15	7370.53824799771	15002.8117366196	1441.56466259058	11586.3267874142	316081.426676586	36491892.2036414	7282972.59988005	166258381.472372	2500.63603368176	2500.63603368176	1.22606837606838
17.58	16.14	8051.03373526888	15448.9594468281	1616.85124785469	11870.5679469251	301993.124079134	37667683.7773293	6796835.73971593	144858007.181192	2359.38985675571	2359.38985675571	1.31367521367521
16.492	16.14	8731.52922254005	15895.1071570366	1792.13783311881	12154.8091064359	287904.821481682	38843475.3510171	6310698.87955181	123457632.890012	2218.14367982965	2218.14367982965	1.40128205128205
17.04	16.13	9412.02470981122	16341.2548672451	1967.42441838292	12439.0502659468	273816.51888423	40019266.924705	5824562.01938769	102057258.598832	2076.8975029036	2076.8975029036	1.48888888888889
16.969	16.13	10092.5201970824	16787.4025774536	2142.71100364703	12723.2914254577	259728.216286778	41195058.4983929	5338425.15922357	80656884.3076526	1935.65132597755	1935.65132597755	1.48390804597701
17.909	16.12	10773.0156843536	17233.5502876621	2317.99758891114	13007.5325849685	245639.913689326	42370850.0720807	4852288.29905945	59256510.0164727	1794.40514905149	1794.40514905149	1.47892720306513
18.657	16.12	11453.5111716247	17679.6979978706	2493.28417417525	13291.7737444794	246444.030661308	42029032.2045255	4782711.92677612	62872001.9193841	2448.98151374371	2448.98151374371	1.47394636015326
17.976	16.11	12134.0066588959	18125.8457080791	2668.57075943937	13576.0149039903	247248.147633291	41687214.3369704	4713135.55449279	66487493.8222955	3103.55787843593	3103.55787843593	1.46896551724138
18.018	16.1	12814.5021461671	18571.9934182876	2843.85734470348	13860.2560635011	248052.264605273	41345396.4694152	4643559.18220946	70102985.7252069	3758.13424312814	3758.13424312814	1.4639846743295
18.2	16.09	13494.9976334382	19018.141128496	3019.14392996759	14144.497223012	248856.381577255	41003578.6018601	4573982.80992613	73718477.6281183	4412.71060782036	4412.71060782036	1.45900383141762
18.182	16.08	14175.4931207094	19464.2888387045	3194.4305152317	14428.7383825229	249660.498549237	40661760.7343049	4504406.4376428	77333969.5310297	5067.28697251258	5067.28697251258	1.45402298850575
18.23	16.07	14855.9886079806	19910.436548913	3369.71710049581	14712.9795420338	250464.61552122	40319942.8667497	4434830.06535947	80949461.4339411	5721.8633372048	5721.8633372048	1.44904214559387
18.824	16.05	15536.4840952517	20356.5842591215	3545.00368575993	14997.2207015446	251268.732493202	39978124.9991946	4365253.69307614	84564953.3368525	6376.43970189702	6376.43970189702	1.44406130268199
18.498	16.04	16216.9795825229	20802.73196933	3720.29027102404	15281.4618610555	252072.849465184	39636307.1316394	4295677.32079281	88180445.2397639	7031.01606658924	7031.01606658924	1.43908045977012
18.507	16.03	16897.4750697941	21248.8796795385	3895.57685628815	15565.7030205664	252876.966437167	39294489.2640842	4226100.94850948	91795937.1426753	7685.59243128145	7685.59243128145	1.43409961685824
18.098	16.01	17577.9705570652	21695.027389747	4070.86344155226	15849.9441800772	253681.083409149	38952671.3965291	4156524.57622615	95411429.0455867	8340.16879597367	8340.16879597367	1.42911877394636
18.019	16	18258.4660443364	22141.1750999555	4246.15002681637	16134.1853395881	254485.200381131	38610853.5289739	4086948.20394282	99026920.9484981	8994.74516066589	8994.74516066589	1.42413793103448
18.072	15.58	18938.9615316076	22587.322810164	4421.43661208049	16418.426499099	255289.317353114	38269035.6614188	4017371.83165949	102642412.85141	9649.32152535811	9649.32152535811	1.41915708812261
17.948	15.57	19619.4570188787	23033.4705203725	4596.7231973446	16702.6676586098	256093.434325096	37927217.7938636	3947795.45937616	106257904.754321	10303.8978900503	10303.8978900503	1.41417624521073
17.665	15.55	20299.9525061499	23479.618230581	4772.00978260871	16986.9088181207	256897.551297078	37585399.9263084	3878219.08709283	109873396.657232	10958.4742547425	10958.4742547425	1.40919540229885
17.125	15.53	20980.4479934211	23925.7659407895	4947.29636787282	17271.1499776316	257701.66826906	37243582.0587533	3808642.7148095	113488888.560144	11613.0506194348	11613.0506194348	1.40421455938697
17.279	15.51	21297.7677209619	24588.0709942529	5123.93391056666	17608.6166531609	258505.785241043	36901764.1911981	3739066.34252617	117104380.463055	12267.626984127	12267.626984127	1.3992337164751
17.497	15.49	21615.0874485027	25250.3760477163	5300.5714532605	17946.0833286903	259309.902213025	36559946.3236429	3669489.97024284	120719872.365967	12922.2033488192	12922.2033488192	1.39425287356322
17.087	15.47	21932.4071760436	25912.6811011797	5477.20899595434	18283.5500042196	260114.019185007	36218128.4560878	3599913.59795951	124335364.268878	13576.7797135114	13576.7797135114	1.38927203065134
16.967	15.45	22249.7269035844	26574.9861546431	5653.84653864818	18621.0166797489	260918.13615699	35876310.5885326	3530337.22567618	127950856.171789	14231.3560782036	14231.3560782036	1.38429118773946
18.02	15.43	22567.0466311252	27237.2912081065	5830.48408134201	18958.4833552783	261722.253128972	35534492.7209775	3460760.85339285	131566348.074701	14885.9324428959	14885.9324428959	1.37931034482759
18.489	15.41	22884.3663586661	27899.5962615699	6007.12162403585	19295.9500308076	262526.370100954	35192674.8534223	3391184.48110951	135181839.977612	15540.5088075881	15540.5088075881	1.37432950191571
17.733	15.38	23201.6860862069	28561.9013150333	6183.75916672969	19633.416706337	263330.487072937	34850856.9858671	3321608.10882618	138797331.880524	16195.0851722803	16195.0851722803	1.36934865900383
17.407	15.36	23519.0058137477	29224.2063684967	6360.39670942353	19970.8833818663	264134.604044919	34509039.118312	3252031.73654285	142412823.783435	16849.6615369725	16849.6615369725	1.36436781609195
17.318	15.34	23836.3255412886	29886.5114219601	6537.03425211737	20308.3500573956	264938.721016901	34167221.2507568	3182455.36425952	146028315.686346	17504.2379016647	17504.2379016647	1.35938697318008
17.84	15.31	24153.6452688294	30548.8164754235	6713.67179481121	20645.816732925	265742.837988883	33825403.3832017	3112878.99197619	149643807.589258	18158.8142663569	18158.8142663569	1.3544061302682
18.227	15.29	24470.9649963702	31211.1215288869	6890.30933750505	20983.2834084543	266546.954960866	33483585.5156465	3043302.61969286	153259299.492169	18813.3906310492	18813.3906310492	1.34942528735632
18.494	15.26	24788.2847239111	31873.4265823503	7066.94688019889	21320.7500839837	267351.071932848	33141767.6480913	2973726.24740953	156874791.395081	19467.9669957414	19467.9669957414	1.34444444444444
19.055	15.24	25105.6044514519	32535.7316358137	7243.58442289272	21658.216759513	268155.18890483	32799949.7805362	2904149.8751262	160490283.297992	20122.5433604336	20122.5433604336	1.33897996357013
19.253	15.21	25422.9241789927	33198.0366892771	7420.22196558656	21995.6834350423	264877.736595994	32148015.3840298	2887048.81446189	157719788.797022	19603.7119305717	19603.7119305717	1.33351548269581
19.204	15.18	25740.2439065336	33860.3417427405	7596.8595082804	22333.1501105717	261600.284287157	31496080.9875234	2869947.75379758	154949294.296053	19084.8805007098	19084.8805007098	1.32805100182149
19.072	15.16	26057.5636340744	34522.6467962039	7773.49705097424	22670.616786101	258322.83197832	30844146.591017	2852846.69313327	152178799.795083	18566.0490708478	18566.0490708478	1.32258652094718
18.15	15.13	26374.8833616152	35184.9518496673	7950.13459366808	23008.0834616304	255045.379669483	30192212.1945106	2835745.63246895	149408305.294114	18047.2176409859	18047.2176409859	1.31712204007286
18.004	15.1	26692.2030891561	35847.2569031307	8126.77213636192	23345.5501371597	251767.927360646	29540277.7980042	2818644.57180464	146637810.793144	17528.386211124	17528.386211124	1.31165755919854
18.104	15.07	27009.5228166969	36509.5619565941	8303.40967905576	23683.0168126891	248490.475051809	28888343.4014978	2801543.51114033	143867316.292174	17009.5547812621	17009.5547812621	1.30619307832423
18.38	15.04	27326.8425442377	37171.8670100575	8480.0472217496	24020.4834882184	245213.022742973	28236409.0049914	2784442.45047601	141096821.791205	16490.7233514002	16490.7233514002	1.30072859744991
18.729	15.01	27644.1622717786	37834.1720635209	8656.68476444343	24357.9501637477	241935.570434136	27584474.608485	2767341.3898117	138326327.290235	15971.8919215383	15971.8919215383	1.29526411657559
18.471	14.58	27961.4819993194	38496.4771169843	8833.32230713727	24695.4168392771	238658.118125299	26932540.2119786	2750240.32914739	135555832.789266	15453.0604916763	15453.0604916763	1.28979963570128
18.489	14.55	28278.8017268602	39158.7821704477	9009.95984983111	25032.8835148064	235380.665816462	26280605.8154722	2733139.26848308	132785338.288296	14934.2290618144	14934.2290618144	1.28433515482696
18.345	14.52	28596.1214544011	39821.0872239111	9186.59739252495	25370.3501903358	232103.213507625	25628671.4189658	2716038.20781876	130014843.787326	14415.3976319525	14415.3976319525	1.27887067395264
17.895	14.49	28913.4411819419	40483.3922773745	9363.23493521879	25707.8168658651	228825.761198789	24976737.0224594	2698937.14715445	127244349.286357	13896.5662020906	13896.5662020906	1.27340619307832
17.942	14.46	29230.7609094827	41145.6973308379	9539.87247791263	26045.2835413944	225548.308889952	24324802.625953	2681836.08649014	124473854.785387	13377.7347722287	13377.7347722287	1.26794171220401
18.292	14.43	29548.0806370236	41808.0023843013	9716.51002060646	26382.7502169238	222270.856581115	23672868.2294466	2664735.02582582	121703360.284418	12858.9033423667	12858.9033423667	1.26247723132969
18.506	14.4	29865.4003645644	42470.3074377647	9893.1475633003	26720.2168924531	218993.404272278	23020933.8329402	2647633.96516151	118932865.783448	12340.0719125048	12340.0719125048	1.25701275045537
18.517	14.37	30182.7200921052	43132.6124912281	10069.7851059941	27057.6835679825	215715.951963441	22368999.4364338	2630532.9044972	116162371.282478	11821.2404826429	11821.2404826429	1.25154826958106
18.536	14.33	29958.4368106961	42996.8204473684	10318.8304459064	27460.8920389714	212438.499654604	21717065.0399274	2613431.84383289	113391876.781509	11302.409052781	11302.409052781	1.24608378870674
18.685	14.3	29734.1535292869	42861.0284035088	10567.8757858187	27864.1005099604	209161.047345768	21065130.643421	2596330.78316857	110621382.280539	10783.5776229191	10783.5776229191	1.24061930783242
18.88	14.27	29509.8702478777	42725.2363596491	10816.921125731	28267.3089809494	205883.595036931	20413196.2469146	2579229.72250426	107850887.77957	10264.7461930572	10264.7461930572	1.23515482695811
18.592	14.24	29285.5869664686	42589.4443157895	11065.9664656433	28670.5174519383	202606.142728094	19761261.8504082	2562128.66183995	105080393.2786	9745.91476319524	9745.91476319524	1.22969034608379
18.76	14.2	29061.3036850594	42453.6522719298	11315.0118055555	29073.7259229273	199328.690419257	19109327.4539018	2545027.60117563	102309898.777631	9227.08333333332	9227.08333333332	1.22422586520947
18.679	14.17	28837.0204036502	42317.8602280702	11564.0571454678	29476.9343939162	196051.23811042	18457393.0573954	2527926.54051132	99539404.2766609	8708.25190347141	8708.25190347141	1.21876138433515
19.231	14.14	28612.7371222411	42182.0681842105	11813.1024853801	29880.1428649052	192773.785801583	17805458.660889	2510825.47984701	96768909.7756913	8189.42047360949	8189.42047360949	1.21329690346084
19.823	14.1	28388.4538408319	42046.2761403509	12062.1478252924	30283.3513358942	189496.333492747	17153524.2643826	2493724.4191827	93998415.2747217	7670.58904374757	7670.58904374757	1.20783242258652
20.351	14.07	28164.1705594227	41910.4840964912	12311.1931652047	30686.5598068831	186218.88118391	16501589.8678762	2476623.35851838	91227920.7737522	7151.75761388565	7151.75761388565	1.2023679417122
20.003	14.04	27939.8872780136	41774.6920526316	12560.2385051169	31089.7682778721	182941.428875073	15849655.4713698	2459522.29785407	88457426.2727825	6632.92618402374	6632.92618402374	1.19690346083789
19.843	14	27715.6039966044	41638.9000087719	12809.2838450292	31492.9767488611	179663.976566236	15197721.0748634	2442421.23718976	85686931.771813	6114.09475416182	6114.09475416182	1.19143897996357
19.456	13.57	27491.3207151952	41503.1079649123	13058.3291849415	31896.18521985	176386.524257399	14545786.678357	2425320.17652545	82916437.2708434	5595.2633242999	5595.2633242999	1.18597449908925
19.156	13.53	27267.0374337861	41367.3159210526	13307.3745248538	32299.393690839	175789.960989535	14695841.3452289	2474403.36849022	86541570.3839621	5788.89324985203	5788.89324985203	1.18051001821494
18.998	13.5	27042.7541523769	41231.523877193	13556.4198647661	32702.602161828	175193.397721672	14845896.0121007	2523486.56045499	90166703.4970808	5982.52317540416	5982.52317540416	1.17504553734062
18.898	13.47	26818.4708709677	41095.7318333333	13805.4652046783	33105.8106328169	174596.834453808	14995950.6789726	2572569.75241977	93791836.6101995	6176.15310095629	6176.15310095629	1.1695810564663
18.758	13.43	26594.1875895586	40959.9397894737	14054.5105445906	33509.0191038059	174000.271185944	15146005.3458445	2621652.94438454	97416969.7233181	6369.78302650842	6369.78302650842	1.16411657559199
19.036	13.4	26369.9043081494	40824.147745614	14303.5558845029	33912.2275747948	173403.70791808	15296060.0127164	2670736.13634932	101042102.836437	6563.41295206055	6563.41295206055	1.15865209471767
19.085	13.36	26145.6210267402	40688.3557017544	14552.6012244152	34315.4360457838	172807.144650216	15446114.6795883	2719819.32831409	104667235.949556	6757.04287761268	6757.04287761268	1.15318761384335
18.869	13.33	25921.3377453311	40552.5636578947	14801.6465643275	34718.6445167728	172210.581382352	15596169.3464602	2768902.52027887	108292369.062674	6950.67280316481	6950.67280316481	1.14772313296903
18.467	13.29	25697.0544639219	40416.7716140351	15050.6919042397	35121.8529877617	171614.018114488	15746224.0133321	2817985.71224364	111917502.175793	7144.30272871694	7144.30272871694	1.14225865209472
17.729	13.26	25472.7711825127	40280.9795701754	15299.737244152	35525.0614587507	171017.454846624	15896278.680204	2867068.90420842	115542635.288912	7337.93265426907	7337.93265426907	1.1367941712204
17.469	13.22	25248.4879011036	40145.1875263158	15548.7825840643	35928.2699297397	170420.89157876	16046333.3470759	2916152.09617319	119167768.40203	7531.5625798212	7531.5625798212	1.13132969034608
17.899	13.19	25024.2046196944	40009.3954824561	15797.8279239766	36331.4784007286	169824.328310896	16196388.0139477	2965235.28813796	122792901.515149	7725.19250537333	7725.19250537333	1.12586520947177
18.169	13.15	24799.9213382852	39873.6034385965	16046.8732638889	36734.6868717176	169227.765043032	16346442.6808196	3014318.48010274	126418034.628268	7918.82243092546	7918.82243092546	1.12040072859745
18.076	13.12	24575.6380568761	39737.8113947368	16295.9186038012	37137.8953427066	168631.201775169	16496497.3476915	3063401.67206751	130043167.741386	8112.45235647759	8112.45235647759	1.11493624772313
17.929	13.08	24351.3547754669	39602.0193508772	16544.9639437134	37541.1038136955	168034.638507305	16646552.0145634	3112484.86403229	133668300.854505	8306.08228202972	8306.08228202972	1.10947176684882
17.319	13.04	24127.0714940577	39466.2273070175	16794.0092836257	37944.3122846845	167438.075239441	16796606.6814353	3161568.05599706	137293433.967624	8499.71220758185	8499.71220758185	1.1040072859745
17.378	13.01	23902.7882126486	39330.4352631579	17043.054623538	38347.5207556734	166841.511971577	16946661.3483072	3210651.24796184	140918567.080742	8693.34213313398	8693.34213313398	1.09854280510018
17.638	12.57	23678.5049312394	39194.6432192982	17292.0999634503	38750.7292266624	166244.948703713	17096716.0151791	3259734.43992661	144543700.193861	8886.97205868611	8886.97205868611	1.09307832422587
17.934	12.54	23454.2216498302	39058.8511754386	17541.1453033626	39153.9376976514	165648.385435849	17246770.682051	3308817.63189139	148168833.30698	9080.60198423824	9080.60198423824	1.08761384335155
18.286	12.5	23229.9383684211	38923.0591315789	17790.1906432748	39557.1461686403	165051.822167985	17396825.3489228	3357900.82385616	151793966.420099	9274.23190979037	9274.23190979037	1.08214936247723
17.788	12.47	23229.9383684211	38923.0591315789	17790.1906432748	39557.1461686403	164455.258900121	17546880.0157947	3406984.01582094	155419099.533217	9467.8618353425	9467.8618353425	1.07668488160291
16.777	12.43	23229.9383684211	38923.0591315789	17790.1906432748	39557.1461686403	163858.695632257	17696934.6826666	3456067.20778571	159044232.646336	9661.49176089463	9661.49176089463	1.0712204007286
16.844	12.39	23229.9383684211	38923.0591315789	17790.1906432748	39557.1461686403	163262.132364393	17846989.3495385	3505150.39975049	162669365.759455	9855.12168644676	9855.12168644676	1.06575591985428
16.064	12.36	23229.9383684211	38923.0591315789	17790.1906432748	39557.1461686403	162665.569096529	17997044.0164104	3554233.59171526	166294498.872573	10048.7516119989	10048.7516119989	1.06029143897996
16.631	12.32	23229.9383684211	38923.0591315789	17790.1906432748	39557.1461686403	162069.005828666	18147098.6832823	3603316.78368003	169919631.985692	10242.381537551	10242.381537551	1.05482695810565
16.855	12.29	23229.9383684211	38923.0591315789	17790.1906432748	39557.1461686403	161472.442560802	18297153.3501542	3652399.97564481	173544765.098811	10436.0114631031	10436.0114631031	1.04936247723133
16.809	12.25	23229.9383684211	38923.0591315789	17790.1906432748	39557.1461686403	160875.879292938	18447208.0170261	3701483.16760958	177169898.211929	10629.6413886553	10629.6413886553	1.04389799635701
16.475	12.21	23229.9383684211	38923.0591315789	17790.1906432748	39557.1461686403	160279.316025074	18597262.683898	3750566.35957436	180795031.325048	10823.2713142074	10823.2713142074	1.0384335154827
15.672	12.18	23229.9383684211	38923.0591315789	17790.1906432748	39557.1461686403	159682.75275721	18747317.3507698	3799649.55153913	184420164.438167	11016.9012397595	11016.9012397595	1.03296903460838
15.385	12.14	23229.9383684211	38923.0591315789	17790.1906432748	39557.1461686403	159086.189489346	18897372.0176417	3848732.74350391	188045297.551285	11210.5311653117	11210.5311653117	1.02750455373406
15.245	12.1	23229.9383684211	38923.0591315789	17790.1906432748	39557.1461686403	159086.189489346	18897372.0176417	3848732.74350391	188045297.551285	11210.5311653117	11210.5311653117	1.02204007285974
15.39	12.07	23229.9383684211	38923.0591315789	17790.1906432748	39557.1461686403	159086.189489346	18897372.0176417	3848732.74350391	188045297.551285	11210.5311653117	11210.5311653117	1.01657559198543
15.645	12.03	23229.9383684211	38923.0591315789	17790.1906432748	39557.1461686403	159086.189489346	18897372.0176417	3848732.74350391	188045297.551285	11210.5311653117	11210.5311653117	1.01111111111111
16.12	12	23229.9383684211	38923.0591315789	17790.1906432748	39557.1461686403	159086.189489346	18897372.0176417	3848732.74350391	188045297.551285	11210.5311653117	11210.5311653117	1.01111111111111
15.343	11.56	23229.9383684211	38923.0591315789	17790.1906432748	39557.1461686403	159086.189489346	18897372.0176417	3848732.74350391	188045297.551285	11210.5311653117	11210.5311653117	1.01111111111111
15.194	11.52	23229.9383684211	38923.0591315789	17790.1906432748	39557.1461686403	159086.189489346	18897372.0176417	3848732.74350391	188045297.551285	11210.5311653117	11210.5311653117	1.01111111111111
15.154	11.49	23229.9383684211	38923.0591315789	17790.1906432748	39557.1461686403	159086.189489346	18897372.0176417	3848732.74350391	188045297.551285	11210.5311653117	11210.5311653117	1.01111111111111
14.874	11.45	23229.9383684211	38923.0591315789	17790.1906432748	39557.1461686403	159086.189489346	18897372.0176417	3848732.74350391	188045297.551285	11210.5311653117	11210.5311653117	0
14.867	11.42	23229.9383684211	38923.0591315789	17790.1906432748	39557.1461686403	159086.189489346	18897372.0176417	3848732.74350391	188045297.551285	11210.5311653117	11210.5311653117	0
14.327	11.38	23229.9383684211	38923.0591315789	17790.1906432748	39557.1461686403	159086.189489346	18897372.0176417	3848732.74350391	188045297.551285	11210.5311653117	11210.5311653117	0
