8.5363	11.16	48418.6021578947	153707.501533991	44194.5764437134	98158.3061635691	397239.164767952	3307394.78349304	161367.489859539	2314999.88929628	10711.2358234013	10711.2358234013	0
8.5363	11.2	49754.8674671053	154305.191125183	46511.6715186403	97400.7724718431	405073.784821179	3968873.74019165	181492.494287688	2777999.86715554	10679.7533444794	10679.7533444794	0
8.5979	11.23	51091.1327763158	154902.880716374	48828.7665935672	96643.238780117	412908.404874405	4630352.69689026	201617.498715837	3240999.84501479	10648.2708655575	10648.2708655575	0
8.1884	11.27	52427.3980855263	155500.570307566	51145.8616684941	95885.705088391	420743.024927632	5291831.65358887	221742.503143986	3703999.82287405	10616.7883866356	10616.7883866356	0
8.4531	11.31	53763.6633947369	156098.259898757	53462.956743421	95128.1713966649	428577.644980859	5953310.61028748	241867.507572135	4166999.8007333	10585.3059077137	10585.3059077137	0
8.7524	11.34	55099.9287039474	156695.949489949	55780.0518183479	94370.6377049388	436412.265034086	6614789.56698608	261992.512000284	4629999.77859256	10553.8234287918	10553.8234287918	0
9.3897	11.38	56436.1940131579	157293.63908114	58097.1468932748	93613.1040132128	444246.885087312	7276268.52368469	282117.516428433	5092999.75645182	10522.3409498699	10522.3409498699	0
9.6237	11.42	57772.4593223684	157891.328672332	60414.2419682017	92855.5703214867	452081.505140539	7937747.4803833	302242.520856582	5555999.73431107	10490.8584709479	10490.8584709479	0
9.5237	11.45	59108.724631579	158489.018263523	62731.3370431286	92098.0366297606	459916.125193766	8599226.43708191	322367.525284731	6018999.71217033	10459.3759920261	10459.3759920261	0
9.9452	11.49	60444.9899407895	159086.707854715	65048.4321180555	91340.5029380346	467750.745246993	9260705.39378052	342492.52971288	6481999.69002958	10427.8935131042	10427.8935131042	0
9.4486	11.53	61781.25525	159684.397445907	67365.5271929824	90582.9692463085	475585.36530022	9922184.35047913	362617.534141028	6944999.66788884	10396.4110341822	10396.4110341822	0
9.6988	11.56	63117.5205592105	160282.087037098	69682.6222679093	89825.4355545825	483419.985353446	10583663.3071777	382742.538569177	7407999.64574809	10364.9285552603	10364.9285552603	0
10.44	12	64453.7858684211	160879.77662829	71999.7173428361	89067.9018628564	491254.605406673	11245142.2638763	402867.542997326	7870999.62360735	10333.4460763384	10333.4460763384	0
10.336	12.04	65790.0511776316	161477.466219481	74316.812417763	88310.3681711303	499089.2254599	11906621.220575	422992.547425475	8333999.60146661	10301.9635974165	10301.9635974165	0
10.082	12.07	67126.3164868421	162075.155810673	76633.9074926899	87552.8344794043	506923.845513127	12568100.1772736	443117.551853624	8796999.57932586	10270.4811184946	10270.4811184946	0
9.9205	12.11	68462.5817960526	162672.845401864	78951.0025676168	86795.3007876782	514758.465566353	13229579.1339722	463242.556281773	9259999.55718512	10238.9986395727	10238.9986395727	0
9.8729	12.15	69798.8471052632	163270.534993056	81268.0976425437	86037.7670959521	522593.08561958	13891058.0906708	483367.560709922	9722999.53504438	10207.5161606507	10207.5161606507	0
10.204	12.18	71135.1124144737	163868.224584247	83585.1927174706	85280.2334042261	530427.705672807	14552537.0473694	503492.565138071	10185999.5129036	10176.0336817288	10176.0336817288	0
10.762	12.22	72471.3777236842	164465.914175439	85902.2877923975	84522.6997125	538262.325726034	15214016.004068	523617.56956622	10648999.4907629	10144.5512028069	10144.5512028069	0
11.044	12.26	71850.4496447368	163439.472708488	85219.3571480982	83210.9281648126	546096.94577926	15875494.9607666	543742.573994369	11111999.4686221	10113.068723885	10113.068723885	0
11.337	12.29	71229.5215657895	162413.031241538	84536.4265037988	81899.1566171252	553931.565832487	16536973.9174652	563867.578422517	11574999.4464814	10081.586244963	10081.586244963	0
11.592	12.33	70608.5934868421	161386.589774588	83853.4958594995	80587.3850694378	561766.185885714	17198452.8741638	583992.582850666	12037999.4243407	10050.1037660411	10050.1037660411	0
11.674	12.37	69987.6654078947	160360.148307638	83170.5652152001	79275.6135217504	569600.805938941	17859931.8308624	604117.587278815	12500999.4021999	10018.6212871192	10018.6212871192	0
11.81	12.4	69366.7373289474	159333.706840688	82487.6345709008	77963.841974063	577435.425992168	18521410.787561	624242.591706964	12963999.3800592	9987.1388081973	9987.1388081973	0
12.048	12.44	68745.80925	158307.265373737	81804.7039266014	76652.0704263756	585270.046045394	19182889.7442596	644367.596135113	13426999.3579184	9955.6563292754	9955.6563292754	0
12.126	12.48	68124.8811710526	157280.823906787	81121.7732823021	75340.2988786882	593104.666098621	19844368.7009583	664492.600563262	13889999.3357777	9924.1738503535	9924.1738503535	0
12.119	12.51	67503.9530921053	156254.382439837	80438.8426380027	74028.5273310008	600939.286151848	20505847.6576569	684617.604991411	14352999.3136369	9892.6913714316	9892.6913714316	0
11.636	12.55	66883.0250131579	155227.940972887	79755.9119937034	72716.7557833134	608773.906205075	21167326.6143555	704742.60941956	14815999.2914962	9861.20889250965	9861.20889250965	0
11.121	12.59	66262.0969342105	154201.499505937	79072.981349404	71404.984235626	616608.526258301	21828805.5710541	724867.613847709	15278999.2693554	9829.72641358775	9829.72641358775	0
11.357	13.02	65641.1688552632	153175.058038986	78390.0507051047	70093.2126879386	624443.146311528	22490284.5277527	744992.618275858	15741999.2472147	9798.24393466585	9798.24393466585	0
11.786	13.06	65020.2407763157	152148.616572036	77707.1200608053	68781.4411402512	632277.766364755	23151763.4844513	765117.622704006	16204999.225074	9766.7614557439	9766.7614557439	0
11.656	13.09	64399.3126973684	151122.175105086	77024.189416506	67469.6695925638	640112.386417982	23813242.4411499	785242.627132155	16667999.2029332	9735.278976822	9735.278976822	0
11.19	13.13	63778.3846184211	150095.733638136	76341.2587722066	66157.8980448764	666439.469019618	23647801.9496252	820172.22430978	17067377.5098115	11670.4287744896	11670.4287744896	0
11.356	13.17	63157.4565394737	149069.292171186	75658.3281279073	64846.126497189	692766.551621254	23482361.4581005	855101.821487404	17466755.8166898	13605.5785721571	13605.5785721571	0
11.168	13.2	62536.5284605263	148042.850704235	74975.3974836079	63534.3549495016	719093.634222891	23316920.9665758	890031.418665029	17866134.1235681	15540.7283698247	15540.7283698247	0
10.649	13.24	61915.600381579	147016.409237285	74292.4668393086	62222.5834018142	745420.716824527	23151480.4750511	924961.015842653	18265512.4304464	17475.8781674921	17475.8781674921	0
11.251	13.27	61294.6723026316	145989.967770335	73609.5361950092	60910.8118541268	771747.799426164	22986039.9835264	959890.613020278	18664890.7373247	19411.0279651597	19411.0279651597	0
11.203	13.31	60673.7442236842	144963.526303385	72926.6055507099	59599.0403064394	798074.8820278	22820599.4920017	994820.210197902	19064269.0442031	21346.1777628273	21346.1777628273	0
10.996	13.35	60052.8161447368	143937.084836435	72243.6749064105	58287.268758752	824401.964629436	22655159.000477	1029749.80737553	19463647.3510814	23281.3275604948	23281.3275604948	0
11.319	13.38	59431.8880657895	142910.643369484	71560.7442621112	56975.4972110646	850729.047231073	22489718.5089524	1064679.40455315	19863025.6579597	25216.4773581623	25216.4773581623	0
11.191	13.42	58810.9599868421	141884.201902534	70877.8136178118	55663.7256633772	877056.129832709	22324278.0174277	1099609.00173078	20262403.964838	27151.6271558299	27151.6271558299	0
11.51	13.45	58190.0319078947	140857.760435584	70194.8829735125	54351.9541156898	903383.212434345	22158837.525903	1134538.5989084	20661782.2717163	29086.7769534974	29086.7769534974	0
10.357	13.49	57569.1038289474	139831.318968634	69511.9523292131	53040.1825680024	929710.295035982	21993397.0343783	1169468.19608602	21061160.5785946	31021.9267511649	31021.9267511649	2.68518518518519
10.087	13.52	56948.17575	138804.877501684	68829.0216849138	51728.411020315	956037.377637618	21827956.5428536	1204397.79326365	21460538.8854729	32957.0765488325	32957.0765488325	5.37037037037037
10.03	13.56	56327.2476710526	137778.436034733	68146.0910406144	50416.6394726276	982364.460239254	21662516.0513289	1239327.39044127	21859917.1923512	34892.2263465001	34892.2263465001	8.05555555555556
10.449	13.59	55706.3195921053	136751.994567783	67463.1603963151	49104.8679249402	1008691.54284089	21497075.5598042	1274256.9876189	22259295.4992295	36827.3761441676	36827.3761441676	7.67311111111111
10.968	14.02	55085.3915131579	135725.553100833	66780.2297520157	47793.0963772528	1035018.62544253	21331635.0682795	1309186.58479652	22658673.8061078	38762.5259418351	38762.5259418351	7.29066666666667
11.138	14.06	54464.4634342105	134699.111633883	66097.2991077164	46481.3248295654	1061345.70804416	21166194.5767548	1344116.18197415	23058052.1129861	40697.6757395027	40697.6757395027	6.90822222222222
11.26	14.09	53843.5353552632	133672.670166933	65414.368463417	45169.553281878	1087672.7906458	21000754.0852301	1379045.77915177	23457430.4198644	42632.8255371702	42632.8255371702	6.52577777777778
11.09	14.13	53222.6072763158	132646.228699982	64731.4378191177	43857.7817341906	1113999.87324744	20835313.5937054	1413975.3763294	23856808.7267427	44567.9753348377	44567.9753348377	6.14333333333333
10.681	14.16	52601.6791973684	131619.787233032	64048.5071748183	42546.0101865032	1140326.95584907	20669873.1021807	1448904.97350702	24256187.033621	46503.1251325053	46503.1251325053	6.02673611111111
11.058	14.19	51980.7511184211	130593.345766082	63365.576530519	41234.2386388158	1166654.03845071	20504432.610656	1483834.57068465	24655565.3404993	48438.2749301728	48438.2749301728	5.91013888888889
10.725	14.23	50792.0332429825	126457.526212773	61115.2126962855	39794.410253456	1192981.12105235	20338992.1191313	1518764.16786227	25054943.6473777	50373.4247278405	50373.4247278405	5.79354166666667
11.453	14.26	49603.3153675439	122321.706659465	58864.8488620519	38354.5818680962	1219308.20365398	20173551.6276066	1553693.76503989	25454321.954256	52308.574525508	52308.574525508	5.67694444444444
11.91	14.29	48414.5974921053	118185.887106157	56614.4850278184	36914.7534827364	1245635.28625562	20008111.1360819	1588623.36221752	25853700.2611343	54243.7243231755	54243.7243231755	5.56034722222222
11.817	14.33	47225.8796166667	114050.067552848	54364.1211935848	35474.9250973766	1271962.36885725	19842670.6445573	1623552.95939514	26253078.5680126	56178.874120843	56178.874120843	5.44375
12.654	14.36	46037.1617412281	109914.24799954	52113.7573593513	34035.0967120167	1298289.45145889	19677230.1530326	1658482.55657277	26652456.8748909	58114.0239185105	58114.0239185105	5.32715277777778
12.552	14.39	44848.4438657895	105778.428446231	49863.3935251178	32595.2683266569	1324616.53406053	19511789.6615079	1693412.15375039	27051835.1817692	60049.173716178	60049.173716178	5.21055555555556
13.196	14.42	43659.7259903509	101642.608892923	47613.0296908842	31155.4399412971	1350943.61666216	19346349.1699832	1728341.75092802	27451213.4886475	61984.3235138455	61984.3235138455	5.09395833333333
12.48	14.45	42471.0081149123	97506.7893396145	45362.6658566507	29715.6115559373	1377270.6992638	19180908.6784585	1763271.34810564	27850591.7955258	63919.473311513	63919.473311513	4.97736111111111
13.02	14.49	41282.2902394737	93370.9697863061	43112.3020224171	28275.7831705775	1401392.85742441	25548582.4364892	1845612.20897573	29253887.9826999	61668.6779280495	61668.6779280495	4.86076388888889
13.226	14.52	40093.5723640351	89235.1502329976	40861.9381881836	26835.9547852177	1425515.01558503	31916256.19452	1927953.06984583	30657184.1698739	59417.8825445855	59417.8825445855	4.74416666666667
13.048	14.55	38904.8544885965	85099.3306796892	38611.57435395	25396.1263998579	1449637.17374564	38283929.9525508	2010293.93071592	32060480.357048	57167.0871611215	57167.0871611215	4.62756944444444
12.396	14.58	37716.1366131579	80963.5111263808	36361.2105197165	23956.2980144981	1473759.33190625	44651603.7105815	2092634.79158601	33463776.544222	54916.291777658	54916.291777658	4.51097222222222
12.889	15.01	36527.4187377193	76827.6915730724	34110.846685483	22516.4696291382	1497881.49006686	51019277.4686123	2174975.65245611	34867072.7313961	52665.496394194	52665.496394194	4.394375
13.416	15.04	35338.7008622807	72691.8720197639	31860.4828512495	21076.6412437784	1522003.64822748	57386951.2266431	2257316.5133262	36270368.9185701	50414.70101073	50414.70101073	4.27777777777778
14.287	15.07	34149.9829868421	68556.0524664555	29610.1190170159	19636.8128584186	1546125.80638809	63754624.9846738	2339657.37419629	37673665.1057442	48163.9056272663	48163.9056272663	4.36904761904762
15.064	15.1	32961.2651114035	64420.2329131471	27359.7551827824	18196.9844730588	1570247.9645487	70122298.7427046	2421998.23506639	39076961.2929183	45913.1102438025	45913.1102438025	4.46031746031746
14.879	15.12	31772.5472359649	60284.4133598386	25109.3913485488	16757.156087699	1594370.12270931	76489972.5007354	2504339.09593648	40480257.4800923	43662.3148603387	43662.3148603387	4.5515873015873
14.104	15.15	30583.8293605263	56148.5938065302	22859.0275143153	15317.3277023392	1618492.28086993	82857646.2587661	2586679.95680657	41883553.6672664	41411.5194768748	41411.5194768748	4.64285714285714
13.932	15.18	29395.1114850877	52012.7742532218	20608.6636800818	13877.4993169794	1642614.43903054	89225320.0167969	2669020.81767666	43286849.8544404	39160.724093411	39160.724093411	4.73412698412698
14.412	15.21	28206.3936096491	47876.9546999134	18358.2998458482	12437.6709316196	1666736.59719115	95592993.7748277	2751361.67854676	44690146.0416145	36909.9287099471	36909.9287099471	4.82539682539683
13.887	15.23	27017.6757342105	43741.1351466049	16107.9360116147	10997.8425462597	1690858.75535176	101960667.532858	2833702.53941685	46093442.2287886	34659.1333264833	34659.1333264833	4.91666666666667
13.717	15.26	25828.957858772	39605.3155932965	13857.5721773812	9558.01416089994	1714980.91351238	108328341.290889	2916043.40028694	47496738.4159626	32408.3379430195	32408.3379430195	5.00793650793651
13.645	15.29	24640.2399833334	35469.4960399881	11607.2083431476	8118.18577554012	1739103.07167299	114696015.04892	2998384.26115704	48900034.6031367	30157.5425595556	30157.5425595556	5.09920634920635
14	15.31	23451.5221078948	31333.6764866797	9356.84450891407	6678.35739018032	1763225.2298336	121063688.806951	3080725.12202713	50303330.7903107	27906.7471760918	27906.7471760918	5.19047619047619
14.639	15.33	22262.8042324562	27197.8569333712	7106.48067468053	5238.5290048205	1787347.38799421	127431362.564981	3163065.98289722	51706626.9774848	25655.951792628	25655.951792628	5.28174603174603
14.828	15.36	21074.0863570176	23062.0373800628	4856.11684044699	3798.70061946069	1811469.54615483	133799036.323012	3245406.84376732	53109923.1646588	23405.1564091641	23405.1564091641	5.37301587301587
14.031	15.38	19885.368481579	18926.2178267544	2605.75300621345	2358.87223410088	1835591.70431544	140166710.081043	3327747.70463741	54513219.3518329	21154.3610257003	21154.3610257003	5.46428571428571
14.064	15.41	19353.2182262478	18800.220773654	2524.66691495261	2407.49092805505	1859713.86247605	146534383.839074	3410088.5655075	55916515.539007	18903.5656422364	18903.5656422364	5.55555555555556
15.464	15.43	18821.0679709165	18674.2237205535	2443.58082369177	2456.10962200922	1883836.02063666	152902057.597105	3492429.4263776	57319811.726181	16652.7702587726	16652.7702587726	5.38386243386243
16.464	15.45	18288.9177155853	18548.2266674531	2362.49473243093	2504.7283159634	1907958.17879728	159269731.355135	3574770.28724769	58723107.9133551	14401.9748753087	14401.9748753087	5.21216931216931
17.166	15.47	17756.7674602541	18422.2296143527	2281.4086411701	2553.34700991757	1932080.33695789	165637405.113166	3657111.14811778	60126404.1005291	12151.179491845	12151.179491845	5.04047619047619
17.019	15.49	17224.6172049229	18296.2325612523	2200.32254990926	2601.96570387175	1956202.4951185	172005078.871197	3739452.00898787	61529700.2877032	9900.3841083811	9900.3841083811	4.86878306878307
17.4549	15.51	16692.4669495917	18170.2355081518	2119.23645864842	2650.58439782592	1980324.65327911	178372752.629228	3821792.86985797	62932996.4748773	7649.58872491725	7649.58872491725	4.69708994708995
17.714	15.53	16160.3166942605	18044.2384550514	2038.15036738758	2699.2030917801	2004446.81143973	184740426.387258	3904133.73072806	64336292.6620513	5398.7933414534	5398.7933414534	4.52539682539683
18.109	15.55	15628.1664389292	17918.241401951	1957.06427612674	2747.82178573427	2028568.96960034	191108100.145289	3986474.59159815	65739588.8492254	3147.99795798958	3147.99795798958	4.3537037037037
18.23	15.57	15096.016183598	17792.2443488506	1875.9781848659	2796.44047968844	2052691.12776095	197475773.90332	4068815.45246825	67142885.0363994	897.202574525745	897.202574525745	4.18201058201058
17.924	15.58	14563.8659282668	17666.2472957501	1794.89209360506	2845.05917364262	1979381.65981163	190727472.497889	4048223.00600457	67622139.0046534	865.15962543554	865.15962543554	4.01031746031746
17.649	16	14031.7156729356	17540.2502426497	1713.80600234422	2893.67786759679	1906072.1918623	183979171.092458	4027630.55954089	68101392.9729073	833.116676345335	833.116676345335	3.83862433862434
18.192	16.01	13499.5654176044	17414.2531895493	1632.71991108338	2942.29656155097	1832762.72391298	177230869.687026	4007038.11307721	68580646.9411613	801.07372725513	801.07372725513	3.66693121693122
17.591	16.03	12967.4151622732	17288.2561364489	1551.63381982254	2990.91525550514	1759453.25596365	170482568.281595	3986445.66661353	69059900.9094153	769.030778164925	769.030778164925	3.4952380952381
16.476	16.04	12435.2649069419	17162.2590833485	1470.54772856171	3039.53394945932	1686143.78801433	163734266.876164	3965853.22014985	69539154.8776693	736.98782907472	736.98782907472	3.32354497354497
16.269	16.06	11903.1146516107	17036.262030248	1389.46163730087	3088.15264341349	1612834.320065	156985965.470733	3945260.77368617	70018408.8459232	704.944879984515	704.944879984515	3.15185185185185
17.091	16.07	11370.9643962795	16910.2649771476	1308.37554604003	3136.77133736766	1539524.85211568	150237664.065302	3924668.32722249	70497662.8141772	672.90193089431	672.90193089431	2.98015873015873
17.011	16.08	10838.8141409483	16784.2679240472	1227.28945477919	3185.39003132184	1466215.38416635	143489362.65987	3904075.88075881	70976916.7824312	640.858981804105	640.858981804105	2.80846560846561
16.658	16.09	10306.6638856171	16658.2708709468	1146.20336351835	3234.00872527601	1392905.91621703	136741061.254439	3883483.43429513	71456170.7506851	608.8160327139	608.8160327139	2.63677248677249
16.196	16.1	9774.51363028585	16532.2738178463	1065.11727225751	3282.62741923019	1319596.4482677	129992759.849008	3862890.98783145	71935424.7189391	576.773083623695	576.773083623695	2.46507936507937
16.125	16.11	9242.36337495464	16406.2767647459	984.031180996673	3331.24611318436	1246286.98031838	123244458.443577	3842298.54136777	72414678.6871931	544.73013453349	544.73013453349	2.29338624338624
16.35	16.12	8710.21311962342	16280.2797116455	902.945089735834	3379.86480713854	1172977.51236905	116496157.038146	3821706.09490409	72893932.655447	512.687185443285	512.687185443285	2.12169312169312
15.726	16.12	8178.0628642922	16154.2826585451	821.858998474995	3428.48350109271	1099668.04441973	109747855.632714	3801113.64844041	73373186.623701	480.644236353077	480.644236353077	1.95
15.73	16.13	7645.91260896099	16028.2856054446	740.772907214156	3477.10219504688	1026358.5764704	102999554.227283	3780521.20197673	73852440.5919549	448.601287262873	448.601287262873	2.11709401709402
16.388	16.13	7113.76235362977	15902.2885523442	659.686815953317	3525.72088900106	953049.108521078	96251252.8218521	3759928.75551305	74331694.5602089	416.558338172668	416.558338172668	2.28418803418803
16.352	16.14	6581.61209829855	15776.2914992438	578.600724692478	3574.33958295523	879739.640571754	89502951.4164209	3739336.30904937	74810948.5284629	384.515389082462	384.515389082462	2.45128205128205
16.262	16.14	6049.46184296734	15650.2944461434	497.514633431639	3622.95827690941	806430.172622429	82754650.0109897	3718743.86258569	75290202.4967168	352.472439992257	352.472439992257	2.61837606837607
16.786	16.15	5517.31158763612	15524.2973930429	416.4285421708	3671.57697086358	733120.704673104	76006348.6055585	3698151.416122	75769456.4649708	320.429490902051	320.429490902051	2.78547008547009
16.791	16.15	4985.1613323049	15398.3003399425	335.342450909961	3720.19566481776	659811.236723779	69258047.2001273	3677558.96965832	76248710.4332248	288.386541811846	288.386541811846	2.9525641025641
16.419	16.15	4453.01107697369	15272.3032868421	254.256359649123	3768.81435877193	586501.768774454	62509745.7946961	3656966.52319464	76727964.4014787	256.343592721642	256.343592721642	3.11965811965812
17.593	16.15	5778.10541044051	16343.8764715484	283.168778604119	4346.74078611747	513192.30082513	55761444.3892649	3636374.07673096	77207218.3697327	224.300643631436	224.300643631436	3.28675213675214
17.333	16.15	7103.19974390733	17415.4496562548	312.081197559115	4924.66721346301	439882.832875805	49013142.9838338	3615781.63026728	77686472.3379867	192.257694541231	192.257694541231	3.45384615384615
17.182	16.15	8428.29407737415	18487.0228409611	340.993616514111	5502.59364080854	366573.36492648	42264841.5784026	3595189.1838036	78165726.3062406	160.214745451026	160.214745451026	3.62094017094017
17.58	16.14	9753.38841084097	19558.5960256674	369.906035469107	6080.52006815408	293263.896977155	35516540.1729714	3574596.73733992	78644980.2744946	128.171796360821	128.171796360821	3.78803418803419
16.492	16.14	11078.4827443078	20630.1692103738	398.818454424103	6658.44649549962	219954.42902783	28768238.7675402	3554004.29087624	79124234.2427486	96.1288472706155	96.1288472706155	3.95512820512821
17.04	16.13	12403.5770777746	21701.7423950801	427.7308733791	7236.37292284516	146644.961078506	22019937.362109	3533411.84441256	79603488.2110025	64.0858981804105	64.0858981804105	4.12222222222222
16.969	16.13	13728.6714112414	22773.3155797864	456.643292334096	7814.29935019069	73335.493129181	15271635.9566778	3512819.39794888	80082742.1792565	32.0429490902052	32.0429490902052	4.12241379310345
17.909	16.12	15053.7657447082	23844.8887644927	485.555711289092	8392.22577753623	26.0251798561151	8523334.55124661	3492226.9514852	80561996.1475105	0	0	4.12260536398467
18.657	16.12	16378.8600781751	24916.4619491991	514.468130244088	8970.15220488177	951.899357435551	8556432.6075423	3428120.61518375	79801974.9557531	309.62778308144	309.62778308144	4.1227969348659
17.976	16.11	17703.9544116419	25988.0351339054	543.380549199084	9548.07863222731	1877.77353501499	8589530.66383798	3364014.27888229	79041953.7639958	619.25556616288	619.25556616288	4.12298850574713
18.018	16.1	19029.0487451087	27059.6083186117	572.29296815408	10126.0050595728	2803.64771259442	8622628.72013367	3299907.94258083	78281932.5722384	928.88334924432	928.88334924432	4.12318007662835
18.2	16.09	20354.1430785755	28131.1815033181	601.205387109077	10703.9314869184	3729.52189017386	8655726.77642936	3235801.60627937	77521911.380481	1238.51113232576	1238.51113232576	4.12337164750958
18.182	16.08	21679.2374120423	29202.7546880244	630.117806064073	11281.8579142639	4655.3960677533	8688824.83272505	3171695.26997791	76761890.1887237	1548.1389154072	1548.1389154072	4.1235632183908
18.23	16.07	23004.3317455092	30274.3278727307	659.030225019069	11859.7843416095	5581.27024533273	8721922.88902074	3107588.93367645	76001868.9969663	1857.76669848864	1857.76669848864	4.12375478927203
18.824	16.05	24329.426078976	31345.9010574371	687.942643974065	12437.710768955	6507.14442291217	8755020.94531643	3043482.59737499	75241847.805209	2167.39448157009	2167.39448157009	4.12394636015326
18.498	16.04	25654.5204124428	32417.4742421434	716.855062929061	13015.6371963005	7433.0186004916	8788119.00161212	2979376.26107354	74481826.6134516	2477.02226465152	2477.02226465152	4.12413793103448
18.507	16.03	26979.6147459096	33489.0474268497	745.767481884057	13593.5636236461	8358.89277807104	8821217.05790781	2915269.92477208	73721805.4216942	2786.65004773297	2786.65004773297	4.12432950191571
18.098	16.01	28304.7090793764	34560.620611556	774.679900839054	14171.4900509916	9284.76695565048	8854315.1142035	2851163.58847062	72961784.2299369	3096.27783081441	3096.27783081441	4.12452107279694
18.019	16	29629.8034128433	35632.1937962624	803.59231979405	14749.4164783371	10210.6411332299	8887413.17049919	2787057.25216916	72201763.0381795	3405.90561389584	3405.90561389584	4.12471264367816
18.072	15.58	30954.8977463101	36703.7669809687	832.504738749046	15327.3429056827	11136.5153108093	8920511.22679488	2722950.9158677	71441741.8464221	3715.53339697729	3715.53339697729	4.12490421455939
17.948	15.57	32279.9920797769	37775.340165675	861.417157704042	15905.2693330282	12062.3894883888	8953609.28309057	2658844.57956624	70681720.6546648	4025.16118005873	4025.16118005873	4.12509578544061
17.665	15.55	33605.0864132437	38846.9133503814	890.329576659038	16483.1957603738	12988.2636659682	8986707.33938625	2594738.24326479	69921699.4629074	4334.78896314016	4334.78896314016	4.12528735632184
17.125	15.53	34930.1807467105	39918.4865350877	919.241995614034	17061.1221877193	13914.1378435477	9019805.39568194	2530631.90696333	69161678.2711501	4644.4167462216	4644.4167462216	4.12547892720307
17.279	15.51	35112.1400852994	41081.7010478927	1151.8425466954	17284.9626172414	14840.0120211271	9052903.45197763	2466525.57066187	68401657.0793927	4954.04452930305	4954.04452930305	4.12567049808429
17.497	15.49	35294.0994238884	42244.9155606977	1384.44309777677	17508.8030467635	15765.8861987065	9086001.50827332	2402419.23436041	67641635.8876353	5263.6723123845	5263.6723123845	4.12586206896552
17.087	15.47	35476.0587624773	43408.1300735027	1617.04364885814	17732.6434762855	16691.760376286	9119099.56456901	2338312.89805895	66881614.695878	5573.30009546595	5573.30009546595	4.12605363984674
16.967	15.45	35658.0181010663	44571.3445863077	1849.6441999395	17956.4839058076	17617.6345538654	9152197.6208647	2274206.56175749	66121593.5041206	5882.92787854735	5882.92787854735	4.12624521072797
18.02	15.43	35839.9774396552	45734.5590991127	2082.24475102087	18180.3243353297	18543.5087314448	9185295.67716039	2210100.22545604	65361572.3123633	6192.5556616288	6192.5556616288	4.1264367816092
18.489	15.41	36021.936778244	46897.7736119177	2314.84530210224	18404.1647648518	19469.3829090243	9218393.73345608	2145993.88915458	64601551.1206059	6502.18344471025	6502.18344471025	4.12662835249042
17.733	15.38	36203.896116833	48060.9881247227	2547.44585318361	18628.0051943739	20395.2570866037	9251491.78975177	2081887.55285312	63841529.9288485	6811.8112277917	6811.8112277917	4.12681992337165
17.407	15.36	36385.855455422	49224.2026375277	2780.04640426497	18851.8456238959	21321.1312641832	9284589.84604746	2017781.21655166	63081508.7370912	7121.43901087315	7121.43901087315	4.12701149425287
17.318	15.34	36567.8147940109	50387.4171503327	3012.64695534634	19075.686053418	22247.0054417626	9317687.90234315	1953674.8802502	62321487.5453338	7431.06679395455	7431.06679395455	4.1272030651341
17.84	15.31	36749.7741325998	51550.6316631377	3245.24750642771	19299.5264829401	23172.879619342	9350785.95863884	1889568.54394874	61561466.3535765	7740.694577036	7740.694577036	4.12739463601533
18.227	15.29	36931.7334711888	52713.8461759427	3477.84805750908	19523.3669124622	24098.7537969215	9383884.01493452	1825462.20764729	60801445.1618191	8050.32236011745	8050.32236011745	4.12758620689655
18.494	15.26	37113.6928097777	53877.0606887477	3710.44860859044	19747.2073419843	25024.6279745009	9416982.07123021	1761355.87134583	60041423.9700617	8359.9501431989	8359.9501431989	4.12777777777778
19.055	15.24	37295.6521483666	55040.2752015527	3943.04915967181	19971.0477715063	25950.5021520803	9450080.1275259	1697249.53504437	59281402.7783044	8669.57792628035	8669.57792628035	4.1016393442623
19.253	15.21	37477.6114869555	56203.4897143577	4175.64971075318	20194.8882010284	29967.5807653733	9923479.64507293	1651380.97022392	65363698.5804479	8504.30416468555	8504.30416468555	4.07550091074681
19.204	15.18	37659.5708255445	57366.7042271627	4408.25026183455	20418.7286305505	33984.6593786664	10396879.16262	1605512.40540348	71445994.3825914	8339.03040309075	8339.03040309075	4.04936247723133
19.072	15.16	37841.5301641334	58529.9187399677	4640.85081291591	20642.5690600726	38001.7379919594	10870278.680167	1559643.84058303	77528290.1847349	8173.75664149595	8173.75664149595	4.02322404371585
18.15	15.13	38023.4895027223	59693.1332527727	4873.45136399728	20866.4094895947	42018.8166052524	11343678.197714	1513775.27576258	83610585.9868785	8008.48287990115	8008.48287990115	3.99708561020036
18.004	15.1	38205.4488413113	60856.3477655777	5106.05191507865	21090.2499191167	46035.8952185454	11817077.715261	1467906.71094214	89692881.789022	7843.20911830635	7843.20911830635	3.97094717668488
18.104	15.07	38387.4081799002	62019.5622783827	5338.65246616002	21314.0903486388	50052.9738318384	12290477.2328081	1422038.14612169	95775177.5911655	7677.93535671155	7677.93535671155	3.9448087431694
18.38	15.04	38569.3675184891	63182.7767911877	5571.25301724138	21537.9307781609	54070.0524451314	12763876.7503551	1376169.58130124	101857473.393309	7512.66159511675	7512.66159511675	3.91867030965392
18.729	15.01	38751.326857078	64345.9913039927	5803.85356832275	21761.771207683	58087.1310584244	13237276.2679021	1330301.0164808	107939769.195453	7347.38783352195	7347.38783352195	3.89253187613843
18.471	14.58	38933.286195667	65509.2058167977	6036.45411940412	21985.6116372051	62104.2096717174	13710675.7854492	1284432.45166035	114022064.997596	7182.1140719271	7182.1140719271	3.86639344262295
18.489	14.55	39115.2455342559	66672.4203296028	6269.05467048549	22209.4520667271	66121.2882850105	14184075.3029962	1238563.8868399	120104360.79974	7016.84031033235	7016.84031033235	3.84025500910747
18.345	14.52	39297.2048728448	67835.6348424077	6501.65522156685	22433.2924962492	70138.3668983035	14657474.8205432	1192695.32201946	126186656.601883	6851.56654873755	6851.56654873755	3.81411657559199
17.895	14.49	39479.1642114338	68998.8493552127	6734.25577264822	22657.1329257713	74155.4455115965	15130874.3380902	1146826.75719901	132268952.404027	6686.29278714275	6686.29278714275	3.7879781420765
17.942	14.46	39661.1235500227	70162.0638680178	6966.85632372959	22880.9733552934	78172.5241248895	15604273.8556373	1100958.19237856	138351248.20617	6521.01902554795	6521.01902554795	3.76183970856102
18.292	14.43	39843.0828886116	71325.2783808228	7199.45687481096	23104.8137848155	82189.6027381825	16077673.3731843	1055089.62755812	144433544.008314	6355.74526395315	6355.74526395315	3.73570127504554
18.506	14.4	40025.0422272005	72488.4928936278	7432.05742589232	23328.6542143376	86206.6813514755	16551072.8907313	1009221.06273767	150515839.810457	6190.4715023584	6190.4715023584	3.70956284153005
18.517	14.37	40207.0015657895	73651.7074064328	7664.65797697369	23552.4946438596	90223.7599647685	17024472.4082783	963352.497917223	156598135.612601	6025.1977407636	6025.1977407636	3.68342440801457
18.536	14.33	39917.2368017827	73030.8133362573	7847.3349426995	23650.1448392119	94240.8385780615	17497871.9258254	917483.933096776	162680431.414744	5859.9239791688	5859.9239791688	3.65728597449909
18.685	14.3	39627.4720377759	72409.9192660819	8030.0119084253	23747.7950345642	98257.9171913546	17971271.4433724	871615.36827633	168762727.216888	5694.650217574	5694.650217574	3.63114754098361
18.88	14.27	39337.7072737691	71789.0251959064	8212.68887415111	23845.4452299165	102274.995804648	18444670.9609194	825746.803455883	174845023.019031	5529.3764559792	5529.3764559792	3.60500910746812
18.592	14.24	39047.9425097623	71168.131125731	8395.36583987691	23943.0954252688	106292.074417941	18918070.4784665	779878.238635437	180927318.821175	5364.1026943844	5364.1026943844	3.57887067395264
18.76	14.2	38758.1777457555	70547.2370555556	8578.04280560272	24040.7456206211	110309.153031234	19391469.9960135	734009.67381499	187009614.623318	5198.8289327896	5198.8289327896	3.55273224043716
18.679	14.17	38468.4129817487	69926.3429853801	8760.71977132852	24138.3958159734	114326.231644527	19864869.5135605	688141.108994543	193091910.425462	5033.5551711948	5033.5551711948	3.52659380692168
19.231	14.14	38178.6482177419	69305.4489152047	8943.39673705433	24236.0460113257	118343.31025782	20338269.0311075	642272.544174097	199174206.227605	4868.2814096	4868.2814096	3.50045537340619
19.823	14.1	37888.8834537351	68684.5548450293	9126.07370278014	24333.696206678	122360.388871113	20811668.5486546	596403.97935365	205256502.029749	4703.0076480052	4703.0076480052	3.47431693989071
20.351	14.07	37599.1186897283	68063.6607748538	9308.75066850594	24431.3464020303	126377.467484406	21285068.0662016	550535.414533203	211338797.831892	4537.7338864104	4537.7338864104	3.44817850637523
20.003	14.04	37309.3539257216	67442.7667046784	9491.42763423175	24528.9965973825	130394.546097699	21758467.5837486	504666.849712757	217421093.634036	4372.46012481561	4372.46012481561	3.42204007285975
19.843	14	37019.5891617148	66821.8726345029	9674.10459995755	24626.6467927348	134411.624710992	22231867.1012956	458798.28489231	223503389.436179	4207.18636322081	4207.18636322081	3.39590163934426
19.456	13.57	36729.824397708	66200.9785643275	9856.78156568336	24724.2969880871	138428.703324285	22705266.6188427	412929.720071864	229585685.238323	4041.91260162602	4041.91260162602	3.36976320582878
19.156	13.53	36440.0596337012	65580.0844941521	10039.4585314092	24821.9471834394	139024.369172154	22177980.3426838	488148.981416264	228652096.70619	4015.0948373345	4015.0948373345	3.3436247723133
18.998	13.5	36150.2948696944	64959.1904239766	10222.135497135	24919.5973787917	139620.035020022	21650694.0665249	563368.242760664	227718508.174057	3988.277073043	3988.277073043	3.31748633879781
18.898	13.47	35860.5301056876	64338.2963538012	10404.8124628608	25017.247574144	140215.700867891	21123407.7903659	638587.504105064	226784919.641925	3961.45930875148	3961.45930875148	3.29134790528233
18.758	13.43	35570.7653416808	63717.4022836257	10587.4894285866	25114.8977694963	140811.36671576	20596121.514207	713806.765449464	225851331.109792	3934.64154445998	3934.64154445998	3.26520947176685
19.036	13.4	35281.000577674	63096.5082134503	10770.1663943124	25212.5479648486	141407.032563629	20068835.2380481	789026.026793864	224917742.577659	3907.82378016846	3907.82378016846	3.23907103825137
19.085	13.36	34991.2358136672	62475.6141432749	10952.8433600382	25310.1981602009	142002.698411498	19541548.9618892	864245.288138264	223984154.045526	3881.00601587696	3881.00601587696	3.21293260473588
18.869	13.33	34701.4710496604	61854.7200730994	11135.520325764	25407.8483555532	142598.364259367	19014262.6857303	939464.549482664	223050565.513393	3854.18825158544	3854.18825158544	3.1867941712204
18.467	13.29	34411.7062856536	61233.826002924	11318.1972914898	25505.4985509055	143194.030107236	18486976.4095714	1014683.81082706	222116976.981261	3827.37048729393	3827.37048729393	3.16065573770492
17.729	13.26	34121.9415216468	60612.9319327486	11500.8742572156	25603.1487462578	143789.695955105	17959690.1334125	1089903.07217146	221183388.449128	3800.55272300242	3800.55272300242	3.13451730418944
17.469	13.22	33832.1767576401	59992.0378625731	11683.5512229414	25700.79894161	144385.361802973	17432403.8572536	1165122.33351586	220249799.916995	3773.73495871091	3773.73495871091	3.10837887067395
17.899	13.19	33542.4119936333	59371.1437923977	11866.2281886672	25798.4491369623	144981.027650842	16905117.5810947	1240341.59486026	219316211.384862	3746.9171944194	3746.9171944194	3.08224043715847
18.169	13.15	33252.6472296265	58750.2497222222	12048.905154393	25896.0993323146	145576.693498711	16377831.3049358	1315560.85620466	218382622.852729	3720.09943012789	3720.09943012789	3.05610200364299
18.076	13.12	32962.8824656197	58129.3556520468	12231.5821201188	25993.7495276669	146172.35934658	15850545.0287769	1390780.11754906	217449034.320597	3693.28166583638	3693.28166583638	3.0299635701275
17.929	13.08	32673.1177016129	57508.4615818714	12414.2590858446	26091.3997230192	146768.025194449	15323258.752618	1465999.37889346	216515445.788464	3666.46390154487	3666.46390154487	3.00382513661202
17.319	13.04	32383.3529376061	56887.5675116959	12596.9360515704	26189.0499183715	147363.691042318	14795972.476459	1541218.64023786	215581857.256331	3639.64613725336	3639.64613725336	2.97768670309654
17.378	13.01	32093.5881735993	56266.6734415205	12779.6130172962	26286.7001137238	147959.356890187	14268686.2003001	1616437.90158226	214648268.724198	3612.82837296185	3612.82837296185	2.95154826958106
17.638	12.57	31803.8234095924	55645.779371345	12962.2899830221	26384.3503090761	148555.022738056	13741399.9241412	1691657.16292666	213714680.192066	3586.01060867034	3586.01060867034	2.92540983606557
17.934	12.54	31514.0586455857	55024.8853011696	13144.9669487479	26482.0005044284	149150.688585924	13214113.6479823	1766876.42427106	212781091.659933	3559.19284437883	3559.19284437883	2.89927140255009
18.286	12.5	31224.2938815789	54403.9912309942	13327.6439144737	26579.6506997807	149746.354433793	12686827.3718234	1842095.68561546	211847503.1278	3532.37508008732	3532.37508008732	2.87313296903461
17.788	12.47	31224.2938815789	54403.9912309942	13327.6439144737	26579.6506997807	150342.020281662	12159541.0956645	1917314.94695986	210913914.595667	3505.55731579581	3505.55731579581	2.84699453551913
16.777	12.43	31224.2938815789	54403.9912309942	13327.6439144737	26579.6506997807	150937.686129531	11632254.8195056	1992534.20830426	209980326.063534	3478.7395515043	3478.7395515043	2.82085610200364
16.844	12.39	31224.2938815789	54403.9912309942	13327.6439144737	26579.6506997807	151533.3519774	11104968.5433467	2067753.46964866	209046737.531402	3451.92178721279	3451.92178721279	2.79471766848816
16.064	12.36	31224.2938815789	54403.9912309942	13327.6439144737	26579.6506997807	152129.017825269	10577682.2671878	2142972.73099306	208113148.999269	3425.10402292127	3425.10402292127	2.76857923497268
16.631	12.32	31224.2938815789	54403.9912309942	13327.6439144737	26579.6506997807	152724.683673138	10050395.9910289	2218191.99233746	207179560.467136	3398.28625862977	3398.28625862977	2.7424408014572
16.855	12.29	31224.2938815789	54403.9912309942	13327.6439144737	26579.6506997807	153320.349521006	9523109.71486997	2293411.25368186	206245971.935003	3371.46849433825	3371.46849433825	2.71630236794171
16.809	12.25	31224.2938815789	54403.9912309942	13327.6439144737	26579.6506997807	153916.015368875	8995823.43871106	2368630.51502626	205312383.40287	3344.65073004675	3344.65073004675	2.69016393442623
16.475	12.21	31224.2938815789	54403.9912309942	13327.6439144737	26579.6506997807	154511.681216744	8468537.16255215	2443849.77637066	204378794.870738	3317.83296575523	3317.83296575523	2.66402550091075
15.672	12.18	31224.2938815789	54403.9912309942	13327.6439144737	26579.6506997807	155107.347064613	7941250.88639324	2519069.03771506	203445206.338605	3291.01520146373	3291.01520146373	2.63788706739526
15.385	12.14	31224.2938815789	54403.9912309942	13327.6439144737	26579.6506997807	155703.012912482	7413964.61023433	2594288.29905946	202511617.806472	3264.19743717221	3264.19743717221	2.61174863387978
15.245	12.1	31224.2938815789	54403.9912309942	13327.6439144737	26579.6506997807	155703.012912482	7413964.61023433	2594288.29905946	202511617.806472	3264.19743717221	3264.19743717221	2.5856102003643
15.39	12.07	31224.2938815789	54403.9912309942	13327.6439144737	26579.6506997807	155703.012912482	7413964.61023433	2594288.29905946	202511617.806472	3264.19743717221	3264.19743717221	2.55947176684882
15.645	12.03	31224.2938815789	54403.9912309942	13327.6439144737	26579.6506997807	155703.012912482	7413964.61023433	2594288.29905946	202511617.806472	3264.19743717221	3264.19743717221	2.53333333333333
16.12	12	31224.2938815789	54403.9912309942	13327.6439144737	26579.6506997807	155703.012912482	7413964.61023433	2594288.29905946	202511617.806472	3264.19743717221	3264.19743717221	2.53333333333333
15.343	11.56	31224.2938815789	54403.9912309942	13327.6439144737	26579.6506997807	155703.012912482	7413964.61023433	2594288.29905946	202511617.806472	3264.19743717221	3264.19743717221	2.53333333333333
15.194	11.52	31224.2938815789	54403.9912309942	13327.6439144737	26579.6506997807	155703.012912482	7413964.61023433	2594288.29905946	202511617.806472	3264.19743717221	3264.19743717221	2.53333333333333
15.154	11.49	31224.2938815789	54403.9912309942	13327.6439144737	26579.6506997807	155703.012912482	7413964.61023433	2594288.29905946	202511617.806472	3264.19743717221	3264.19743717221	2.53333333333333
14.874	11.45	31224.2938815789	54403.9912309942	13327.6439144737	26579.6506997807	155703.012912482	7413964.61023433	2594288.29905946	202511617.806472	3264.19743717221	3264.19743717221	0
14.867	11.42	31224.2938815789	54403.9912309942	13327.6439144737	26579.6506997807	155703.012912482	7413964.61023433	2594288.29905946	202511617.806472	3264.19743717221	3264.19743717221	0
14.327	11.38	31224.2938815789	54403.9912309942	13327.6439144737	26579.6506997807	155703.012912482	7413964.61023433	2594288.29905946	202511617.806472	3264.19743717221	3264.19743717221	0
